Supervised Data

  fastText
    accuracy: 0.59945
    precision: 0.58955
    recall: 0.59945
    f1: 0.59

  knn
    accuracy: 0.57202
    precision: 0.56058
    recall: 0.57202
    f1: 0.54190

  naive_bayes
    accuracy: 0.58573
    precision: 0.57410
    recall: 0.58573
    f1: 0.56534

  svm
    accuracy: 0.61454
    precision: 0.61403
    recall :0.61454
    f1: 0.60838